# Tuning matrix of the Extended Kalman Filter
Qp: {aa: 0.0000001, bb: 0.0000001, cc: 0.0000001, dd: 0.0000001, ee: 0.0000001, ff: 0.0000001}
# Standard deviation of noise on positions and linear velocities
dev_x: 0.01 
dev_y: 0.01 
dev_z: 0.01 
dev_vx: 0.01 
dev_vy: 0.01 
dev_vz: 0.01 

